T =       3.07842258e+02
T =       3.09979785e+02
T =       5.65899909e+02
