T =       3.91798509e+02
T =       3.78108626e+02
T =       6.11041229e+02
